m 1 0 692
m 1 1 188
m 0 2 60
m 0 3 632
m 1 4 476
m 2 5 1004
m 1 6 864
m 0 7 488
m 0 8 372
m 1 9 972
m 2 10 916
m 0 11 232
m 2 12 668
m 2 13 188
m 2 14 552
m 2 15 244
m 1 16 804
m 1 17 744
f 1 6
m 0 18 888
m 2 19 260
f 1 4
m 2 20 984
m 0 21 228
m 0 22 60
m 0 23 960
m 0 24 700
f 2 14
f 0 8
m 2 25 16
f 1 16
m 0 26 700
m 2 27 20
f 2 19
m 1 28 680
f 0 21
m 2 29 504
f 0 2
m 2 30 956
m 2 31 916
m 2 32 972
m 2 33 632
f 2 32
m 2 34 20
f 2 30
f 2 12
m 2 35 464
m 1 36 324
m 0 37 572
f 0 26
m 1 38 792
m 0 39 172
m 1 40 744
m 0 41 924
f 2 34
f 2 31
m 1 42 316
f 0 22
f 1 38
m 0 43 1004
m 0 44 580
f 2 10
m 0 45 740
f 0 45
m 1 46 276
m 0 47 916
m 1 48 188
f 0 11
m 1 49 624
m 1 50 492
m 1 51 828
m 1 52 976
f 1 40
f 1 1
m 1 53 828
f 0 3
m 2 54 408
m 2 55 792
m 0 56 1016
m 0 57 500
f 2 27
m 2 58 476
m 1 59 364
m 0 60 908
f 2 58
m 0 61 532
f 0 39
m 2 62 1012
f 1 46
f 1 28
f 0 18
f 1 9
m 1 63 496
m 2 64 272
f 2 55
f 2 33
f 1 52
m 2 65 324
m 2 66 448
f 2 13
f 0 24
f 0 60
f 0 56
m 1 67 580
m 2 68 400
f 1 0
m 2 69 588
f 2 35
m 2 70 288
m 2 71 484
f 2 20
f 2 69
m 0 72 532
f 0 44
m 1 73 508
m 1 74 876
f 2 65
f 0 57
m 0 75 124
m 0 76 972
f 2 29
m 0 77 616
f 2 54
f 0 47
m 2 78 764
m 1 79 392
f 1 17
f 1 53
f 1 79
m 2 80 76
f 2 62
f 1 59
f 1 51
f 2 66
f 0 76
f 2 71
m 0 81 160
m 2 82 180
f 2 70
m 2 83 200
f 1 63
m 2 84 1020
f 1 50
f 2 78
f 2 5
f 1 42
f 0 7
m 2 85 692
f 0 72
f 2 84
f 0 43
f 2 82
f 2 80
f 1 48
m 2 86 856
f 2 68
m 2 87 420
f 2 15
f 1 74
m 2 88 460
f 0 23
m 2 89 576
m 1 90 956
f 0 75
m 0 91 260
m 0 92 408
f 0 91
f 2 64
f 0 37
f 0 77
m 2 93 332
f 1 67
f 0 61
f 1 36
m 0 94 664
m 2 95 792
m 0 96 412
f 2 25
f 1 90
f 0 94
f 0 92
f 2 93
m 2 97 504
f 2 85
f 2 87
f 1 49
f 0 81
f 2 89
f 2 95
f 0 41
f 0 96
f 1 73
m 2 98 720
f 2 86
f 2 98
f 2 83
f 2 88
f 2 97
m 1 99 612
f 1 99
